50.037962431,	19.958926779,	241.665
50.037903332,	19.958837387,	241.518
50.037897643,	19.958816353,	241.508
50.037939337,	19.958893999,	241.582
50.037856497,	19.958746663,	241.207
50.038071347,	19.958007187,	241.437
50.038121237,	19.958000653,	241.776
50.03815407,	19.958005547,	242.117
50.038167555,	19.958015674,	242.348
50.038198376,	19.958040785,	242.87
50.03822225,	19.958070495,	243.383
50.038240682,	19.958100008,	243.866
50.038273609,	19.958134338,	244.482
50.038295807,	19.958180204,	245.137
50.038337453,	19.95821136,	245.638
50.038340424,	19.958244192,	245.961
50.038323649,	19.958217794,	245.703
50.038309473,	19.958193448,	245.36
50.038374288,	19.958400904,	246.107
50.038373733,	19.958464982,	245.685
50.038350542,	19.958525477,	245.474
50.038363303,	19.958554882,	245.167
50.038335466,	19.958614022,	244.964
50.038329401,	19.958648055,	244.72
50.038310901,	19.95868895,	244.359
50.038321224,	19.958736627,	244.053
50.038332432,	19.958694478,	244.397
50.038264817,	19.958822261,	243.233
50.038230656,	19.958863821,	242.811
50.038254597,	19.958847478,	243.015
50.038196966,	19.958875835,	242.603
50.038146378,	19.958922695,	242.327
50.038114872,	19.958936915,	242.214
50.038080764,	19.958927228,	242.091
50.038045165,	19.958914451,	241.963
50.037981719,	19.958893598,	241.734
50.037956863,	19.95885395,	241.762
50.037943577,	19.958803994,	241.839
50.037929926,	19.958789721,	241.777
50.037902432,	19.958786885,	241.576
50.037879078,	19.958719999,	241.422
50.037861204,	19.958674258,	241.224
50.037846366,	19.958613205,	240.99
50.037848366,	19.958559236,	240.972
50.037844988,	19.95845598,	240.815
50.037851879,	19.958380028,	240.901
50.03794854,	19.95817987,	241.306
50.037868346,	19.958326478,	241.2
50.03788002,	19.95827349,	240.851
50.037871483,	19.958223898,	240.047
50.037897528,	19.958165247,	239.942
50.037939112,	19.958128101,	240.42
50.037982522,	19.958098044,	240.994
50.038009434,	19.958075817,	241.283
50.038022699,	19.958066909,	241.449
50.038080086,	19.958051542,	242.121
50.038118957,	19.958052534,	242.418
50.038153119,	19.958090196,	243.157
50.038194557,	19.958115346,	243.754
50.03823258,	19.958157828,	244.513
50.038250675,	19.958209105,	245.228
50.03827348,	19.958239032,	245.693
50.03829973,	19.95830101,	246.516
50.038310252,	19.958358876,	246.733
50.038320395,	19.958394865,	246.51
50.038326836,	19.958450018,	246.136
50.038329511,	19.958505184,	245.749
50.038314811,	19.958580519,	245.154
50.038287289,	19.958636984,	244.648
50.038146273,	19.95812788,	243.61
50.038090344,	19.958116301,	243.098
50.038260281,	19.958677427,	244.26
50.03823095,	19.95866849,	244.218
50.038212375,	19.958691674,	243.985
50.038196375,	19.958700091,	243.866
50.038151986,	19.958699379,	243.712
50.038131698,	19.958726398,	243.444
50.03811517,	19.958722766,	243.411
50.03816694,	19.958764709,	243.295
50.038201353,	19.958731738,	243.656
50.03823331,	19.958724407,	243.824
50.038217113,	19.958755284,	243.544
50.038202795,	19.958780174,	243.313
50.03818158,	19.958793335,	243.142
50.038154959,	19.958806611,	242.95
50.038126659,	19.95878574,	242.999
50.038093516,	19.95879252,	242.831
50.038062871,	19.958746461,	243.052
50.038033883,	19.958732424,	242.917
50.038001137,	19.958713553,	242.696
50.037981999,	19.958704654,	242.535
50.038277572,	19.958704792,	244.125
50.038244493,	19.958798414,	243.332
50.038219001,	19.958785895,	243.33
50.038197722,	19.958841215,	242.855
50.038180507,	19.958846636,	242.754
50.038153868,	19.958859876,	242.563
50.03813192,	19.958846514,	242.58
50.038102447,	19.95884621,	242.476
50.038058168,	19.958854793,	242.255
50.038076715,	19.958715486,	243.325
50.038040245,	19.958661944,	243.444
50.03803306,	19.958632683,	243.54
50.038070104,	19.958494725,	244.89
50.038064055,	19.958471781,	245.034
50.03806319,	19.958468503,	245.054
50.038068906,	19.958182994,	243.909
50.038125883,	19.958193003,	244.36
50.038163732,	19.958197726,	244.627
50.03816567,	19.958196432,	244.62
50.038183005,	19.958210917,	244.898
50.038187903,	19.958218923,	245.025
50.03820264,	19.95823196,	245.263
50.038206444,	19.958236963,	245.344
50.038224416,	19.958277185,	245.922
50.038243883,	19.958343138,	246.607
50.0382549,	19.958355266,	246.56
50.038263829,	19.958391421,	246.332
50.038271508,	19.958441372,	246.0
50.03827177,	19.958469448,	245.798
50.03827217,	19.958501978,	245.566
50.038272724,	19.95850569,	245.541
50.038234668,	19.958530078,	245.228
50.038218055,	19.958583284,	244.785
50.038208435,	19.958589876,	244.703
50.038179218,	19.958584429,	244.637
50.038205701,	19.958630508,	244.401
50.038164889,	19.958643381,	244.161
50.038135602,	19.958645163,	244.043
50.038133035,	19.958642825,	244.051
50.038125738,	19.958639791,	244.046
50.038104996,	19.958612424,	244.169
50.038094997,	19.95858624,	244.321
50.038063386,	19.958516082,	244.712
50.038059663,	19.958498919,	244.823
50.038054668,	19.958478969,	244.934
50.038061939,	19.958410488,	245.467
50.038066361,	19.958395401,	245.592
50.038061157,	19.95836825,	245.769
50.038069989,	19.958316322,	245.81
50.037998318,	19.958469764,	243.879
50.038065984,	19.958341822,	245.976
50.038091198,	19.958334984,	246.116
50.038094297,	19.958336592,	246.116
50.038115083,	19.958359624,	246.025
50.038136981,	19.958432516,	245.579
50.038141246,	19.958448733,	245.478
50.038177351,	19.958590175,	244.589
50.038160517,	19.958602744,	244.438
50.038139364,	19.958619965,	244.238
50.038122988,	19.958633171,	244.084
50.038108769,	19.95859201,	244.329
50.038096259,	19.958597933,	244.241
50.038091063,	19.958572432,	244.406
50.038051104,	19.958818891,	242.476
50.038032298,	19.958822609,	242.334
50.038006023,	19.958819517,	242.188
50.037985154,	19.958801972,	242.134
50.037951791,	19.958765281,	242.018
50.037956764,	19.958630103,	242.514
50.037942278,	19.958561043,	242.509
50.037952639,	19.958493052,	242.896
50.037997423,	19.958367777,	244.365
50.038040302,	19.958296367,	245.091
50.038109429,	19.95823739,	244.879
50.038072507,	19.958191876,	244.055
50.038068375,	19.958488169,	244.931
50.03806564,	19.958435164,	245.303
50.038054421,	19.958467323,	245.013
50.038041884,	19.95847722,	244.696
50.038032191,	19.958534948,	244.143
50.038026159,	19.958486538,	244.331
50.038033105,	19.958575696,	243.901
50.03803349,	19.958521292,	244.252
50.03803349,	19.958521292,	244.252
50.038028574,	19.958496688,	244.315
50.038028574,	19.958496688,	244.315
50.038024993,	19.95827372,	244.395
50.038022477,	19.958522725,	244.046
50.03802067,	19.958565741,	243.763
50.038119217,	19.958227418,	244.791
50.038154291,	19.958236767,	245.088
50.038179297,	19.958242647,	245.285
50.03822022,	19.958283456,	245.981
50.038241279,	19.95835599,	246.505
50.038262745,	19.958395996,	246.295
50.03826627,	19.958393792,	246.323
50.03822819,	19.958497544,	245.439
50.038201348,	19.958454873,	245.65
50.038172794,	19.958502446,	245.204
50.038191589,	19.958312461,	246.226
50.038163034,	19.958290729,	245.833
50.038195642,	19.95838884,	246.105
50.038201697,	19.958354589,	246.373
50.038212271,	19.958355432,	246.405
50.038183883,	19.958280133,	245.784
50.03794759,	19.95849342,	242.799
50.037938173,	19.958440002,	242.761
50.037939935,	19.958394526,	242.921
50.037941581,	19.958353558,	243.072
50.037960088,	19.958315587,	243.361
50.037983729,	19.958254939,	243.134
50.038018084,	19.958229588,	243.612
50.03800644,	19.958200291,	242.931
50.038045879,	19.958164922,	243.352
50.038076489,	19.958147967,	243.456
50.038138233,	19.958155509,	243.927
50.038157558,	19.958172415,	244.263
50.038184374,	19.958202689,	244.801
50.038204408,	19.958230846,	245.258
50.038225179,	19.958254712,	245.651
50.03825738,	19.958365068,	246.498
50.038254994,	19.958310152,	246.444
50.038286558,	19.958377351,	246.515
50.03829887,	19.958440059,	246.108
50.0383059,	19.958483948,	245.817
50.038297686,	19.95856767,	245.184
50.038284203,	19.958589228,	244.981
50.03792016,	19.958678581,	241.92
50.037890416,	19.958639051,	241.6
50.037876759,	19.95856853,	241.436
50.037891952,	19.958484006,	241.751
50.037896759,	19.95842586,	241.903
50.037907542,	19.958332565,	242.26
50.037951586,	19.958263552,	242.469
50.037961686,	19.95822079,	242.151
50.037974975,	19.958180415,	241.927
50.037993212,	19.958144465,	241.862
50.038031584,	19.958121865,	242.416
50.038110253,	19.958125538,	243.352
50.038062302,	19.958108694,	242.809
50.038174219,	19.958142996,	243.979
50.038208134,	19.958165501,	244.464
50.038235402,	19.958207541,	245.129
50.03823956,	19.958219661,	245.297
50.038284025,	19.958318232,	246.65
50.038295234,	19.958372029,	246.584
50.038308276,	19.958394735,	246.468
50.038316259,	19.958509563,	245.67
50.038316875,	19.958566692,	245.261
50.037908464,	19.958252259,	241.28
50.037933294,	19.958194756,	241.143
50.038274525,	19.958735025,	243.896
50.038268549,	19.958794545,	243.446
50.038302217,	19.958753734,	243.861
50.038387626,	19.958480622,	245.457
50.038378342,	19.958562109,	245.0
50.038358658,	19.958584017,	245.004
50.03834832,	19.958292376,	246.396
50.03836856,	19.958358403,	246.45
50.038361683,	19.958332611,	246.686
50.037822981,	19.958691511,	240.799
50.037791087,	19.958630389,	240.251
50.037775786,	19.95854812,	239.727
50.037782212,	19.958450211,	239.512
50.037779305,	19.958414382,	239.325
50.037807968,	19.95831047,	239.505
50.037814577,	19.9582768,	239.29
50.037824292,	19.958195779,	238.604
50.03777971,	19.958502827,	239.646
50.037808182,	19.95864733,	240.525
50.03783787,	19.958709723,	240.99
50.037857318,	19.958784409,	241.233
50.037821328,	19.958230741,	238.932
50.037840708,	19.958143651,	238.383
50.037854651,	19.958105723,	238.252
50.037882367,	19.958050691,	238.211
50.037931668,	19.958025874,	238.992
50.037910989,	19.958035646,	238.665
50.03810758,	19.957990455,	241.525
50.038032639,	19.957997949,	240.71
50.038015347,	19.9580056,	240.464
50.03799312,	19.958008687,	240.052
50.037969282,	19.958004775,	239.519
