50.038327101,	19.958657989,	251.9;
50.038327101,	19.958657989,	251.9;
50.038327101,	19.958657989,	251.9;
50.038327101,	19.958657989,	251.9;
50.038327101,	19.958657989,	251.9;
50.038327101,	19.958657989,	251.9;
50.038327101,	19.958657989,	251.9;
50.038327101,	19.958657989,	251.9;
50.038327101,	19.958657989,	251.9;
50.038327101,	19.958657989,	251.9;
50.038327101,	19.958657989,	251.9;
50.038327101,	19.958657989,	251.9;
50.038327101,	19.958657989,	251.9;
50.038327101,	19.958657989,	251.9;
50.038327101,	19.958657989,	251.9;
50.038327101,	19.958657989,	251.9;
50.038327101,	19.958657989,	251.9;
50.038327101,	19.958657989,	251.9;
50.038327101,	19.958657989,	251.9;
50.038327101,	19.958657989,	251.9;
50.038327101,	19.958657989,	251.9;
50.038327101,	19.958657989,	251.9;
50.038327101,	19.958657989,	251.9;
50.038327101,	19.958657989,	251.9;
50.038327101,	19.958657989,	251.9;
50.038333996,	19.958619186,	252.3;
50.038340594,	19.958587332,	252.6;
50.038348399,	19.958536932,	252.5;
50.038355318,	19.958496363,	252.5;
50.038360086,	19.958453309,	252.3;
50.038361063,	19.958409072,	252.3;
50.038356724,	19.958368081,	252.3;
50.038352550,	19.958329550,	252.3;
50.038349236,	19.958292399,	252.2;
50.038335393,	19.958240727,	252.2;
50.038316586,	19.958198481,	252.3;
50.038285949,	19.958166140,	252.4;
50.038260387,	19.958124665,	252.5;
50.038235628,	19.958098466,	252.5;
50.038206683,	19.958072533,	252.5;
50.038181406,	19.958051721,	252.5;
50.038153958,	19.958029926,	252.6;
50.038130033,	19.958025170,	252.8;
50.038094041,	19.958020216,	252.9;
50.038070058,	19.958019793,	253.0;
50.038039615,	19.958016553,	253.2;
50.038022245,	19.958029838,	253.2;
50.037999581,	19.958040191,	253.1;
50.037972281,	19.958046528,	253.0;
50.037947992,	19.958057075,	253.1;
50.037922804,	19.958087695,	253.2;
50.037902694,	19.958120599,	253.0;
50.037885024,	19.958154603,	253.0;
50.037861066,	19.958189496,	252.9;
50.037844699,	19.958228502,	252.9;
50.037832723,	19.958276745,	252.8;
50.037816633,	19.958320105,	252.7;
50.037801269,	19.958369650,	252.6;
50.037804717,	19.958436367,	252.6;
50.037803874,	19.958479305,	252.5;
50.037812102,	19.958546418,	252.5;
50.037818945,	19.958599057,	252.4;
50.037844247,	19.958649848,	252.5;
50.037861820,	19.958704416,	252.5;
50.037902252,	19.958787286,	252.4;
50.037930966,	19.958817058,	252.5;
50.037960160,	19.958824497,	252.8;
50.037998921,	19.958867967,	252.2;
50.038042384,	19.958902302,	251.9;
50.038065962,	19.958905219,	251.8;
50.038099915,	19.958903882,	251.7;
50.038127060,	19.958904303,	251.7;
50.038157584,	19.958901590,	251.4;
50.038184624,	19.958889311,	251.3;
50.038208934,	19.958868016,	251.3;
50.038227806,	19.958844828,	251.2;
50.038248782,	19.958822100,	251.2;
50.038268602,	19.958793690,	251.2;
50.038291788,	19.958763619,	251.2;
50.038306278,	19.958737089,	251.3;
50.038327101,	19.958657989,	251.9;
50.038026868,	19.958726239,	257.0;
50.038045062,	19.958730729,	257.5;
50.038062108,	19.958731393,	257.8;
50.038073933,	19.958729194,	257.6;
50.038088601,	19.958725444,	257.5;
50.038111411,	19.958722297,	257.7;
50.038131413,	19.958728466,	257.3;
50.038147341,	19.958733276,	257.2;
50.038160234,	19.958751674,	256.3;
50.038181689,	19.958770993,	254.1;
50.038193752,	19.958773005,	252.9;
50.038208398,	19.958762112,	252.4;
50.038224147,	19.958750790,	252.0;
50.038241014,	19.958747954,	251.8;
50.038253860,	19.958735071,	251.6;
50.038268048,	19.958727024,	251.5;
50.038278647,	19.958715595,	251.5;
50.038285997,	19.958695240,	251.7;
50.038297335,	19.958679777,	251.7;
50.038308229,	19.958647761,	251.9;
50.038298281,	19.958623812,	252.2;
50.038291828,	19.958592409,	252.7;
50.038285323,	19.958580597,	252.9;
50.038288664,	19.958551282,	253.1;
50.038291192,	19.958527810,	253.2;
50.038305733,	19.958501390,	253.9;
50.038310077,	19.958486087,	253.2;
50.038315943,	19.958451957,	253.4;
50.038320579,	19.958428701,	253.5;
50.038317306,	19.958410215,	253.8;
50.038317716,	19.958387492,	253.9;
50.038324922,	19.958362995,	253.6;
50.038327605,	19.958339712,	253.3;
50.038325096,	19.958316722,	252.9;
50.038315400,	19.958288269,	252.7;
50.038308255,	19.958279564,	252.6;
50.038297024,	19.958242789,	252.4;
50.038285462,	19.958216872,	252.4;
50.038268881,	19.958185480,	252.4;
50.038253247,	19.958166536,	252.5;
50.038237972,	19.958143501,	252.6;
50.038223038,	19.958128725,	252.8;
50.038201137,	19.958108365,	252.7;
50.038189686,	19.958129712,	253.6;
50.038162345,	19.958126025,	254.2;
50.038143969,	19.958115860,	254.6;
50.038125803,	19.958110821,	255.1;
50.038106406,	19.958114483,	255.4;
50.038088615,	19.958118778,	255.6;
50.038063513,	19.958123659,	256.0;
50.038052703,	19.958131679,	256.2;
50.038027458,	19.958136212,	256.3;
50.038017166,	19.958146570,	256.4;
50.038012755,	19.958166834,	256.9;
50.038007640,	19.958187647,	257.2;
50.037994054,	19.958204055,	257.6;
50.037987093,	19.958215919,	257.7;
50.037978213,	19.958242504,	257.8;
50.037969099,	19.958257735,	257.9;
50.037963133,	19.958274440,	258.0;
50.037955575,	19.958290445,	258.1;
50.037950151,	19.958308047,	258.1;
50.037940011,	19.958326778,	258.2;
50.037934523,	19.958339468,	258.3;
50.037925669,	19.958361639,	259.6;
50.037920277,	19.958385170,	258.2;
50.037921471,	19.958406886,	258.0;
50.037917824,	19.958431606,	257.8;
50.037912033,	19.958458322,	257.6;
50.037907401,	19.958481597,	257.4;
50.037910013,	19.958508266,	257.1;
50.037909513,	19.958531736,	256.8;
50.037906354,	19.958559845,	256.6;
50.037908508,	19.958586203,	256.2;
50.037913300,	19.958608306,	255.8;
50.037920481,	19.958622960,	255.6;
50.037934260,	19.958660698,	255.4;
50.037940594,	19.958669702,	255.4;
50.037949776,	19.958691668,	255.6;
50.037964335,	19.958708450,	255.4;
50.037977797,	19.958708595,	255.5;
50.037995514,	19.958709655,	256.0;
50.038026868,	19.958726239,	257.0;
50.038171394,	19.958677594,	255.2;
50.038187864,	19.958652467,	254.5;
50.038199490,	19.958627825,	254.0;
50.038213435,	19.958599707,	253.8;
50.038232270,	19.958558414,	253.6;
50.038243113,	19.958529868,	253.7;
50.038250158,	19.958491488,	253.7;
50.038247189,	19.958458878,	253.8;
50.038236113,	19.958409686,	254.0;
50.038231349,	19.958372409,	254.0;
50.038220043,	19.958331020,	253.9;
50.038200706,	19.958296661,	254.1;
50.038183028,	19.958274017,	254.4;
50.038160921,	19.958245071,	254.6;
50.038136268,	19.958218873,	254.8;
50.038102190,	19.958188023,	255.4;
50.038081543,	19.958191342,	255.7;
50.038069104,	19.958210122,	255.9;
50.038047720,	19.958224922,	256.4;
50.038035379,	19.958245359,	256.8;
50.038021178,	19.958265294,	257.0;
50.038008606,	19.958285899,	257.2;
50.037994534,	19.958314106,	257.4;
50.037976843,	19.958337733,	257.5;
50.037964575,	19.958364753,	257.7;
50.037954833,	19.958398560,	257.7;
50.037953097,	19.958428023,	257.5;
50.037948979,	19.958454514,	257.3;
50.037945502,	19.958491054,	256.9;
50.037953094,	19.958537284,	256.4;
50.037965108,	19.958569220,	256.4;
50.037974961,	19.958605234,	256.3;
50.037989033,	19.958640029,	256.1;
50.038009440,	19.958666838,	256.5;
50.038028989,	19.958683132,	257.0;
50.038041440,	19.958683637,	257.0;
50.038058701,	19.958692583,	257.1;
50.038081384,	19.958693464,	257.0;
50.038095452,	19.958698205,	257.1;
50.038117758,	19.958705341,	256.9;
50.038139411,	19.958710784,	256.4;
50.038171394,	19.958677594,	255.2;
50.038141419,	19.958645433,	255.8;
50.038150392,	19.958628322,	255.4;
50.038160925,	19.958616090,	255.0;
50.038178027,	19.958574533,	254.7;
50.038185941,	19.958541645,	254.6;
50.038197811,	19.958516829,	254.4;
50.038206865,	19.958491417,	254.3;
50.038204934,	19.958461377,	254.4;
50.038200655,	19.958426869,	254.4;
50.038197542,	19.958396162,	254.3;
50.038189267,	19.958370677,	254.4;
50.038173443,	19.958338760,	254.6;
50.038160113,	19.958318807,	254.7;
50.038148502,	19.958303107,	254.9;
50.038126967,	19.958272548,	255.1;
50.038105155,	19.958246160,	255.4;
50.038080744,	19.958225825,	255.7;
50.038063188,	19.958223570,	256.1;
50.038058510,	19.958231156,	256.2;
50.038049670,	19.958245504,	256.4;
50.038039479,	19.958263841,	256.7;
50.038033089,	19.958275903,	256.8;
50.038021828,	19.958294137,	257.0;
50.038014283,	19.958308077,	257.1;
50.038007678,	19.958332560,	257.1;
50.037999935,	19.958357266,	257.1;
50.037993356,	19.958381982,	257.2;
50.037992865,	19.958410990,	257.2;
50.037985647,	19.958451901,	257.0;
50.037983915,	19.958482075,	256.7;
50.037980597,	19.958504180,	256.5;
50.037985272,	19.958525787,	256.4;
50.037997213,	19.958550041,	256.4;
50.038005010,	19.958564691,	256.4;
50.038024354,	19.958594960,	256.3;
50.038039054,	19.958617970,	256.5;
50.038061818,	19.958639631,	256.7;
50.038084851,	19.958656715,	256.8;
50.038096508,	19.958664001,	256.8;
50.038112741,	19.958669338,	256.5;
50.038141419,	19.958645433,	255.8;
50.038117110,	19.958588822,	255.8;
50.038131122,	19.958563655,	255.5;
50.038142891,	19.958536689,	255.2;
50.038151224,	19.958501000,	255.1;
50.038158108,	19.958444694,	254.9;
50.038160921,	19.958411570,	254.8;
50.038154801,	19.958358295,	254.8;
50.038138012,	19.958354328,	255.0;
50.038131417,	19.958384292,	255.2;
50.038119232,	19.958407715,	255.5;
50.038104314,	19.958386433,	255.6;
50.038116941,	19.958345014,	255.4;
50.038129375,	19.958319683,	255.1;
50.038135591,	19.958300989,	255.0;
50.038111229,	19.958271480,	255.3;
50.038100674,	19.958291805,	255.5;
50.038100832,	19.958313898,	255.6;
50.038090648,	19.958335729,	255.7;
50.038085320,	19.958355402,	255.8;
50.038064614,	19.958333210,	256.1;
50.038071680,	19.958303044,	256.1;
50.038082325,	19.958284344,	255.9;
50.038089050,	19.958253136,	255.7;
50.038061890,	19.958257232,	256.2;
50.038049069,	19.958287728,	256.5;
50.038039237,	19.958316915,	256.6;
50.038028759,	19.958343791,	256.7;
50.038020457,	19.958363853,	256.8;
50.038008716,	19.958401592,	256.9;
50.037998535,	19.958440554,	257.1;
50.037994878,	19.958469224,	256.8;
50.038002054,	19.958507500,	256.4;
50.038008318,	19.958538092,	256.4;
50.038025150,	19.958577852,	256.3;
50.038057473,	19.958611052,	256.5;
50.038083055,	19.958625681,	256.6;
50.038117110,	19.958588822,	255.8;
50.038082672,	19.958599192,	256.2;
50.038080220,	19.958583512,	256.1;
50.038079362,	19.958567088,	256.0;
50.038076433,	19.958551649,	256.1;
50.038074923,	19.958535388,	256.1;
50.038072866,	19.958520658,	256.1;
50.038069803,	19.958505389,	256.1;
50.038054346,	19.958508715,	256.3;
50.038054729,	19.958489505,	256.3;
50.038055645,	19.958474987,	256.2;
50.038060221,	19.958458778,	256.2;
50.038065983,	19.958460768,	256.1;
50.038076354,	19.958476032,	256.0;
50.038082776,	19.958491668,	255.9;
50.038089660,	19.958516212,	255.9;
50.038092675,	19.958529555,	255.9;
50.038095528,	19.958543352,	255.8;
50.038094615,	19.958564822,	255.9;
50.038091418,	19.958582134,	256.0;
50.038097649,	19.958582955,	256.0;
50.038105665,	19.958569610,	255.8;
50.038109861,	19.958556306,	255.7;
50.038110039,	19.958544483,	255.7;
50.038109353,	19.958522120,	255.6;
50.038105673,	19.958504699,	255.7;
50.038099360,	19.958484770,	255.7;
50.038092306,	19.958470279,	255.8;
50.038087385,	19.958452771,	255.9;
50.038078746,	19.958436273,	255.9;
50.038068755,	19.958429099,	256.0;
50.038058222,	19.958429507,	256.2;
50.038047863,	19.958447144,	256.3;
50.038045094,	19.958469015,	256.3;
50.038038251,	19.958496796,	256.4;
50.038041586,	19.958525605,	256.3;
50.038050736,	19.958547049,	256.3;
50.038067746,	19.958576172,	256.2;
50.038069982,	19.958591348,	256.3;
50.038057598,	19.958583366,	256.3;
50.038044909,	19.958562738,	256.3;
50.038039359,	19.958549374,	256.3;
50.038033915,	19.958533020,	256.4;
50.038030877,	19.958515743,	256.4;
50.038027533,	19.958496398,	256.4;
50.038025335,	19.958476575,	256.4;
50.038028899,	19.958460351,	256.6;
50.038032317,	19.958448512,	256.6;
50.038037407,	19.958432589,	256.5;
50.038043114,	19.958418450,	256.4;
50.038050994,	19.958408905,	256.3;
50.038058350,	19.958404947,	256.2;
50.038070029,	19.958403165,	256.0;
50.038082796,	19.958409007,	255.8;
50.038089427,	19.958421285,	255.8;
50.038105949,	19.958441474,	255.6;
50.038109555,	19.958459590,	255.6;
50.038110603,	19.958468638,	255.6;
50.038120515,	19.958496689,	255.5;
50.038124330,	19.958512688,	255.4;
50.038128649,	19.958534030,	255.4;
50.038130719,	19.958553005,	255.5;
50.038124304,	19.958573396,	255.7;
50.038119433,	19.958586356,	255.8;
50.038109187,	19.958598257,	255.9;
50.038101784,	19.958602253,	256.0;
50.038093493,	19.958608417,	256.1;
50.038091968,	19.958616522,	256.3;
50.038100710,	19.958617153,	256.1;
50.038108583,	19.958616326,	256.0;
50.038118240,	19.958607666,	255.9;
50.038124159,	19.958597714,	255.8;
50.038129742,	19.958588199,	255.6;
50.038137114,	19.958573991,	255.4;
50.038141484,	19.958552464,	255.3;
50.038143649,	19.958536402,	255.2;
50.038140918,	19.958520676,	255.3;
50.038134881,	19.958495022,	255.4;
50.038132408,	19.958479620,	255.4;
50.038127231,	19.958461601,	255.4;
50.038120725,	19.958446901,	255.5;
50.038115827,	19.958423383,	255.5;
50.038108520,	19.958405672,	255.5;
50.038100928,	19.958394415,	255.6;
50.038090513,	19.958378305,	255.7;
50.038081608,	19.958374352,	255.8;
50.038069816,	19.958372335,	256.0;
50.038061968,	19.958371813,	256.2;
50.038056761,	19.958373350,	256.3;
50.038049300,	19.958376903,	256.4;
50.038043246,	19.958381312,	256.4;
50.038037379,	19.958391768,	256.5;
50.038028810,	19.958403334,	256.6;
50.038021464,	19.958423813,	256.7;
50.038017066,	19.958443158,	256.8;
50.038011251,	19.958455996,	256.8;
50.038011645,	19.958485467,	256.5;
50.038010357,	19.958498246,	256.4;
50.038014842,	19.958524984,	256.4;
50.038022803,	19.958544375,	256.4;
50.038028463,	19.958562201,	256.4;
50.038038577,	19.958580073,	256.2;
50.038046141,	19.958591100,	256.3;
50.038061327,	19.958607417,	256.5;
50.038072765,	19.958606372,	256.5;
50.038082672,	19.958599192,	256.2;